1 0.194149 0.370677 0.161348 0.118797
1 0.332447 0.417293 0.171986 0.112782
1 0.528369 0.452632 0.180851 0.132331
1 0.702128 0.477444 0.195035 0.124812
1 0.906915 0.487970 0.186170 0.133835
1 0.090426 0.475188 0.177305 0.132331
1 0.259752 0.519549 0.207447 0.121805
1 0.448582 0.546617 0.198582 0.154887
1 0.621454 0.581203 0.207447 0.142857
1 0.831560 0.618797 0.230496 0.151880
1 0.122340 0.606767 0.219858 0.151880
1 0.330674 0.655639 0.228723 0.165414
1 0.570035 0.708271 0.239362 0.180451
1 0.826241 0.766165 0.276596 0.196992
