3 0.122692 0.854913 0.159231 0.209249
3 0.278077 0.869942 0.145385 0.239306
3 0.428846 0.895376 0.162308 0.209249
3 0.581538 0.878035 0.153846 0.243931
3 0.750769 0.878035 0.187692 0.243931
3 0.920385 0.843353 0.159231 0.271676
3 0.153077 0.652601 0.152308 0.206936
3 0.305000 0.648555 0.142308 0.203468
3 0.447692 0.673988 0.156923 0.228902
3 0.604231 0.647399 0.159231 0.221965
3 0.766538 0.657225 0.176154 0.220809
3 0.914615 0.616185 0.170769 0.224277
3 0.072308 0.466474 0.135385 0.186127
3 0.199615 0.443931 0.128462 0.180347
3 0.333462 0.453757 0.142308 0.186127
3 0.476923 0.475723 0.152308 0.183815
3 0.613462 0.468208 0.137692 0.203468
3 0.764231 0.457803 0.163846 0.212717
3 0.913462 0.433526 0.165385 0.175723
3 0.114615 0.290751 0.115385 0.151445
3 0.233846 0.297688 0.130769 0.160694
3 0.353462 0.304624 0.119231 0.158382
3 0.478846 0.327168 0.148462 0.152601
3 0.621923 0.301734 0.140769 0.152601
3 0.753077 0.301734 0.155385 0.147977
3 0.898462 0.274566 0.152308 0.163006
