3 0.568644 0.709276 0.283051 0.373303
3 0.261864 0.690045 0.310169 0.334842
3 0.118644 0.222851 0.223729 0.115385
3 0.098305 0.411765 0.193220 0.230769
3 0.297458 0.417421 0.249153 0.210407
3 0.333898 0.243213 0.210169 0.169683
3 0.849153 0.708145 0.291525 0.357466
3 0.539831 0.428733 0.235593 0.223982
3 0.773729 0.432127 0.242373 0.226244
3 0.917797 0.283937 0.164407 0.169683
3 0.537288 0.251131 0.196610 0.162896
3 0.729661 0.250000 0.198305 0.165158
3 0.916102 0.279412 0.167797 0.178733
3 0.400000 0.124434 0.183051 0.140271
3 0.578814 0.125566 0.174576 0.142534
3 0.750000 0.123303 0.174576 0.147059
3 0.915254 0.124434 0.169492 0.149321
